963729102
6523058852
1937347144
1000097344
1242247638
756392062
372085055
1665059630
1339123576
1003670388
7083368813
2030416835
2037529736
1528648482
1346475983
1091844423
763069568
2063276733
955323602
705151974
1495914201
1624096187
1216112508
1057083534
1240780723
1064503745
5253739025
1120562209
1751811553
1305688151
1184365552
1638604979
1393009078
1829022246
1336417382
1370052676
1719938328
656841174
1069923992
1417740363
823978343
767111687
801268366
1004296935
1981011944
1027669821
5434946197
1129430105
5683099792
1062278801
1247795963
5786071310
1061140370
1428079568
958845445
1242525642
632958047
6473791084
1262821379
1118157260
887333076
908562774
1116319334
611255933
6312992499
1161967404
1039241650
5270933918
7006399631
933444669
1086975542
879122422
984609804
1475290995
1366923668
835587967
682649195
1243919288
1358150834
6328033496
763061625
970807812
1163679185
1282173081
1259989261
1453349282
5182520738
1071839665
5162409947
962068049
896707156
847211587
1856401526
5756190792
5149688298
2104407704
1141562637
6431498367
734212920
1023006775
6357452081
957335404
7754206702
737618395
683650521
7114723422
1989364877
7176049528
2067795323
1002675797
1710865888
7765076958
6884508664
6277438021
811992807
1448537488
1118313306
5007657855
1138171161
1161542352
5209197024
1455695724
1625553611
1389461472
5944187995
725383216
1734101295
6408039206
1193017223
5735213470
7209444795